00 02 00 00 00 01 00 04 00 01 <ID> b8 0f 00 00 00 01 00 04 00 01 <ID>
b8 (endswith 01)
36 (endswith 00)

1011 1000 0011 0110

0011 0110 0000 1111 
0001 0101 0001 0101
1001 1001 0000 1110
0010 1100 0001 0100
0111 1101 0000 1111
1000 0000 0010 0000

00 01 00 00 00 01 00 04 00 01 <ID> 36 0f 00 00 00 01 00 00 00 00 00 00 00 <ID>

00 01 00 00 00 01 00 04 00 01 <ID> 15 15 00 00 00 01 00 00 00 00 00 00 00 <ID>

00 01 00 00 00 01 00 04 00 01 <ID> 99 0e 00 00 00 01 00 00 00 00 00 00 00 <ID>

00 01 00 00 00 01 00 04 00 01 <ID> 2c 14 00 00 00 01 00 00 00 00 00 00 00 <ID> 

00 01 00 00 00 01 00 04 00 01 <ID> 7d 0f 00 00 00 01 00 00 00 00 00 00 00 <ID> 

00 01 00 00 00 01 00 01 00 00 <ID> 40 20 09 00 00 01 00 00 00 00 00 00 00 <ID> 